3425855
68,79482
58,29255
31,6376
34,56696
36,22322
27,84334
8,644272
3,976304
30,11889
28,50738
33,48478
33,50438
21,90047
69,97996
54,0942
23,47049
20,39894
13,13428
2,602719
2,574917
23,18741
20,76446
31,11272
4,556067
12,19471
19.18318
11.10158
18.2027
11.6235
11.36869
20.25901
14.13569
8.373302
13.0077
14.97729
19.59032
12.54299
4.352574
1.3127
1.410694
1.589077
32.06056
20.96384
9.874906
3.33782
4.369803
2.121567
2.103704
11.495
2.50728
12.25868
24.13488
14.31078
10.47041
19.13364
5.050324
4.748658
25.40059
35.2416
35.2416
0.6666667
14.06242
5.023925
16.90757
5.016318
35.15266
35.15266
18.78131
1.196151
6.922031
35.0377
35.0377
3.181819
26.70707
35.05161
35.05161
0.0079176
16.72322
11.07934
14.71221
22.34728
19.83951
30.1764
29.26619
5.501228
6.451323
35.04937
35.04937
1.228417
24.63702
11.68057
7.849197
5.864046
5.95845
13.67884
14.34631
20.5254
10.59575
7.756343
20.8986
9.124832
25.57278
11.17441
6.267646
35.05507
35.05507
0.6609293
9.447168
14.04369
13.84721
23.5554
10.74
26.91061
28.37708
16.50639
8.336535
13.85818
3.806978
21.04712
18.98584
21.43182
5.040654
29.34026
12.16814
14.14653
26.50066
9.752802
10.99648
11.81631
14.57168
4.407534
35.32985
35.32985
2.076844
25.21823
15.33401
35.28298
35.28298
2.151777
35.23365
35.23365
2.282372
22.08776
17.38357
7.66202
6.745901
3.286962
5.405043
1.595555
11.03676
21.0514
8.3981
23.81744
9.727283
9.602609
6.83276
9.136255
4.391726
13.13496
11.68756
5.388825
14.51917
35.30499
35.30499
0.7648177
24.61584
23.44819
12.81681
35.26555
35.26555
18.29084
25.1636
30.25727
35.26456
35.26456
3.693557
35.22459
35.22459
5.351071
35.35698
35.35698
7.894688
27.14074
13.11638
13.5267
9.430408
1.801356
11.77521
14.93015
35.31424
35.31424
2.252899
20.06115
7.688208
1.731711
18.94907
8.570868
9.01877
12.01583
11.4691
0.5807337
8.905404
27.92016
3.220684
10.68825
22.16034
29.54404
28.20282
23.55958
34.90017
24.88225
35.68601
35.68601
10.62576
18.52351
15.68119
0.4451857
16.62132
5.995097
23.82771
22.891
18.82819
35.07298
35.07298
9.991747
0
10.52287
